1  5  4.83879  0.0252935
2  15  2.65271  0.077289
3  25  1.92772  0.0304571
4  35  1.68608  0.0296672
5  45  1.60287  0.0431792
6  55  1.41219  0.0411803
7  65  1.2784  0.0410047
8  75  1.17438  0.044838
9  85  1.19649  0.0504707
10  95  1.04229  0.0547814
11  105  0.979999  0.0541114
12  115  1.01293  0.0763527
13  125  1.02324  0.0794186
14  135  0.923282  0.0872419
15  145  1.06667  0.145155
16  155  0.821159  0.0954578
17  165  0.981297  0.138776
18  175  0.747011  0.124502
19  185  0.699714  0.156461
20  195  0.606218  0.151554
21  205  0.606218  0.21433
22  215  0.588784  0.24037
23  225  0.9  0.45
24  235  0.0942809  0.03849
25  245  0  0
26  255  0  0
27  265  0  0
28  275  0  0
29  285  0  0
