1  5  4.83128  0.0253576
2  15  2.93643  0.132926
3  25  2.0536  0.0448347
4  35  1.74906  0.0340282
5  45  1.6207  0.0450892
6  55  1.43015  0.0526445
7  65  1.39506  0.0547187
8  75  1.32913  0.0583987
9  85  1.35703  0.0749296
10  95  1.33089  0.0804018
11  105  1.12562  0.0816608
12  115  1.04705  0.0838308
13  125  0.97523  0.10396
14  135  0.982069  0.0972393
15  145  1.02745  0.137299
16  155  0.846562  0.141094
17  165  0.825806  0.150771
18  175  0.876863  0.178989
19  185  0.85894  0.202454
20  195  0.864581  0.305675
21  205  1.48511  0.428715
22  215  0.3  0.106066
23  225  0  0
24  235  0  0
25  245  0  0
26  255  0  0
27  265  0.4  0.2
28  275  0  0
29  285  0  0
