441
441 8 7.52441 99.8441 0.167056 98.0844 0.133645
441 9 13.6768 99.8552 0.171165 99.9605 0.184332
441 10 17.1045 99.8445 0.181465 100 0.194426
441 11 18.5107 99.8463 0.166496 100 0.192111
441 12 17.6318 99.8673 0.159215 100 0.199018
441 13 15.3467 99.8322 0.180692 100 0.206505
441 14 12.1826 99.8437 0.169315 100 0.208388
441 15 12.6221 99.8047 0.207545 99.9634 0.219753


443
443 8 7.6123 99.7652 0.264162 97.2703 0.264162
443 9 12.7979 99.8536 0.183016 99.9268 0.183016
443 10 14.3799 99.8929 0.142857 100 0.178571
443 11 16.5771 99.8562 0.179791 100 0.21575
443 12 15.083 99.8886 0.148533 100 0.185667
443 13 13.9404 99.8557 0.180375 100 0.180375
443 14 10.1611 99.8554 0.180701 99.8554 0.180701
443 15 11.6553 99.7993 0.234192 99.8662 0.234192


446
446 8 7.52441 99.7888 0.21726 97.1273 0.18105
446 9 11.5674 99.8159 0.191416 99.8896 0.198778
446 10 15.874 99.8265 0.180714 99.9928 0.253
446 11 17.7197 99.8474 0.181646 100 0.203444
446 12 15.874 99.8128 0.202187 100 0.247117
446 13 15.083 99.7748 0.232507 100 0.283368
446 14 11.6553 99.7917 0.222669 99.921 0.229852
446 15 12.2705 99.7758 0.237772 99.9592 0.264946


444
444 8 7.34863 99.9279 0.0901388 98.8102 0.0901388
444 9 12.2705 99.9369 0.0841043 99.979 0.0841043
444 10 17.8955 99.9174 0.103263 100 0.123916
444 11 17.0166 99.9593 0.060988 100 0.101647
444 12 14.4678 99.9375 0.104123 100 0.104123
444 13 14.4678 99.9178 0.102796 100 0.123355
444 14 12.1826 99.8968 0.123865 99.9587 0.165153
444 15 12.1826 99.9031 0.116302 100 0.116302


445
445 8 8.40332 99.7136 0.318201 98.706 0.307594
445 9 16.1377 99.7906 0.221702 99.9754 0.320236
445 10 19.126 99.7327 0.279431 100 0.315879
445 11 20.4443 99.7246 0.287391 100 0.431086
445 12 18.335 99.7179 0.294406 100 0.368008
445 13 16.8408 99.7123 0.299688 100 0.383601
445 14 14.4678 99.6973 0.338983 99.9758 0.375303
445 15 14.5557 99.7019 0.309562 100 0.378354


