0  0   0.00138374   4.37577e-05
0  1   0.00142291   4.49964e-05
0  2   0.00133652   4.22645e-05

1  0   0.000318516   1.00723e-05
1  1   0.000331546   1.04844e-05
1  2   0.000330988   1.04667e-05

2  0   0.00140616   4.44666e-05
2  1   0.00137325   4.34261e-05
2  2   0.00141316   4.46881e-05

4  0   0.0567527   0.00179468
4  1   0.0602335   0.00190475
4  2   0.0585794   0.00185244

6  0   0.00713829   0.000225732
6  1   0.00692329   0.000218934
6  2   0.00717893   0.000227018

10  0   0.00420401   0.000132943
10  1   0.00419934   0.000132795
10  2   0.00425076   0.000134421

14  0   0.00392362   0.000124076
14  1   0.00392026   0.00012397
14  2   0.0038762   0.000122576

22  0   0.00349417   0.000110495
22  1   0.00348984   0.000110358
22  2   0.00358896   0.000113493

30  0   0.00378329   0.000119638
30  1   0.00385074   0.000121771
30  2   0.00391102   0.000123677

46  0   0.00355173   0.000112316
46  1   0.00353703   0.000111851
46  2   0.00352951   0.000111613

62  0   0.00336018   0.000106258
62  1   0.0032603   0.0001031
62  2   0.00339423   0.000107335

94  0   0.00360609   0.000114035
94  1   0.00347898   0.000110015
94  2   0.00346308   0.000109512

126  0   0.00364362   0.000115221
126  1   0.00363749   0.000115027
126  2   0.00364699   0.000115328

190  0   0.00352003   0.000111313
190  1   0.00360769   0.000114085
190  2   0.00360485   0.000113995

254  0   0.00341614   0.000108028
254  1   0.00345439   0.000109237
254  2   0.00342881   0.000108429

