0  0   1.39933   0.0139933
0  1   1.40618   0.0140618
0  2   1.43407   0.0143407
0  4   1.40605   0.0140605
0  6   1.42951   0.0142951
0  10   1.40997   0.0140997
0  14   1.41484   0.0141484
0  22   1.41915   0.0141915
0  30   1.44874   0.0144874

1  0   1.39562   0.0139562
1  1   1.4043   0.014043
1  2   1.41461   0.0141461
1  4   1.43554   0.0143554
1  6   1.39355   0.0139355
1  10   1.42234   0.0142234
1  14   1.4105   0.014105
1  22   1.41584   0.0141584
1  30   1.41761   0.0145078

2  0   1.41078   0.0141078
2  1   1.41472   0.0141472
2  2   1.4176   0.014176
2  4   1.41242   0.0141242
2  6   1.43393   0.0143393
2  10   1.41925   0.0141925
2  14   1.43098   0.0143098
2  22   1.40635   0.0140635
2  30   1.44261   0.0144261

4  0   1.43514   0.0143514
4  1   1.41624   0.0141624
4  2   1.40991   0.0140991
4  4   1.41307   0.0141307
4  6   1.42197   0.0142197
4  10   1.42126   0.0142126
4  14   1.42375   0.0142375
4  22   1.43427   0.0143427
4  30   1.40301   0.0143403

6  0   1.42471   0.0142471
6  1   1.40272   0.0140272
6  2   1.44328   0.0144328
6  4   1.42127   0.0142127
6  6   1.41343   0.0141343
6  10   1.41331   0.0141331
6  14   1.41764   0.0141764
6  22   1.43389   0.0143389
6  30   1.42992   0.0144267

10  0   1.38539   0.0138539
10  1   1.43324   0.0143324
10  2   1.41313   0.0141313
10  4   1.43972   0.0143972
10  6   1.41428   0.0141428
10  10   1.42581   0.0142581
10  14   1.42605   0.0142605
10  22   1.41846   0.0141846
10  30   1.43757   0.0143757

14  0   1.41571   0.0141571
14  1   1.40319   0.0140319
14  2   1.39279   0.0139279
14  4   1.41956   0.0141956
14  6   1.40911   0.0140911
14  10   1.41656   0.0141656
14  14   1.40577   0.0140577
14  22   1.41878   0.0141878
14  30   1.41156   0.0144037

22  0   1.41676   0.0141676
22  1   1.42391   0.0142391
22  2   1.43313   0.0143313
22  4   1.42113   0.0142113
22  6   1.42016   0.0142016
22  10   1.43821   0.0143821
22  14   1.40519   0.0140519
22  22   1.43068   0.0143068
22  30   3.97971   0.0407709

30  0   1.40689   0.0140689
30  1   1.43712   0.0143712
30  2   1.42336   0.0142336
30  4   1.40142   0.0140142
30  6   1.41164   0.0141164
30  10   1.43405   0.0143405
30  14   1.4154   0.014154
30  22   1.40801   0.0140801
30  30   1.43184   0.0144756

46  0   1.4288   0.014288
46  1   1.42654   0.0142654
46  2   1.41146   0.0141146
46  4   1.41109   0.0141109
46  6   1.43784   0.0143784
46  10   1.39341   0.0139341
46  14   1.4175   0.014175
46  22   1.42279   0.0142279
46  30   1.41062   0.0141062

62  0   1.43194   0.0143194
62  1   1.42742   0.0142742
62  2   1.43434   0.0143434
62  4   1.43803   0.0143803
62  6   1.44591   0.0144591
62  10   1.41762   0.0141762
62  14   1.42985   0.0142985
62  22   1.43053   0.0143053
62  30   1.40896   0.0140896

94  0   1.44149   0.0144149
94  1   1.44296   0.0144296
94  2   1.40209   0.0140209
94  4   1.42171   0.0142171
94  6   1.42791   0.0142791
94  10   1.4188   0.014188
94  14   1.42818   0.0142818
94  22   1.43444   0.0143444
94  30   1.44258   0.0147202

126  0   1.45276   0.0145276
126  1   1.4307   0.014307
126  2   1.4354   0.014354
126  4   1.42805   0.0142805
126  6   1.444   0.01444
126  10   1.43085   0.0143085
126  14   1.44252   0.0144252
126  22   1.46031   0.0146031
126  30   2.82237   0.0282237

190  0   1.41333   0.0141333
190  1   1.44905   0.0144905
190  2   1.42449   0.0142449
190  4   1.45223   0.0145223
190  6   1.45964   0.0145964
190  10   1.4433   0.014433
190  14   1.429   0.01429
190  22   1.41727   0.0141727
190  30   1.60039   0.0163135

254  0   1.44003   0.0144003
254  1   1.46464   0.0146464
254  2   1.42683   0.0142683
254  4   1.43284   0.0143284
254  6   1.44027   0.0144027
254  10   1.45471   0.0145471
254  14   1.43434   0.0143434
254  22   1.44211   0.0144211
254  30   1.44251   0.0144251

382  0   1.44949   0.0144949
382  1   1.43329   0.0143329
382  2   1.4409   0.014409
382  4   1.4557   0.014557
382  6   1.43339   0.0143339
382  10   1.43576   0.0143576
382  14   1.43357   0.0143357
382  22   1.43935   0.0143935
382  30   1.41853   0.0144703

510  0   1.45681   0.0145681
510  1   1.43003   0.0143003
510  2   1.41586   0.0141586
510  4   1.43736   0.0143736
510  6   1.44403   0.0144403
510  10   1.44241   0.0144241
510  14   1.44955   0.0144955
510  22   1.42875   0.0142875
510  30   1.43739   0.0143739

766  0   1.44457   0.0144457
766  1   1.45281   0.0145281
766  2   1.46512   0.0146512
766  4   1.46057   0.0146057
766  6   1.43937   0.0143937
766  10   1.45483   0.0145483
766  14   1.4392   0.014392
766  22   1.5285   0.015285
766  30   1.45876   0.0147162

1022  0   1.44783   0.0144783
1022  1   1.44585   0.0144585
1022  2   1.43525   0.0143525
1022  4   1.43076   0.0143076
1022  6   1.442   0.01442
1022  10   1.44582   0.0144582
1022  14   1.4314   0.014314
1022  22   1.46756   0.0146756
1022  30   2.00998   0.0206874

1534  0   1.44645   0.0144645
1534  1   1.43909   0.0143909
1534  2   1.43226   0.0143226
1534  4   1.44996   0.0144996
1534  6   1.4314   0.014314
1534  10   1.44509   0.0144509
1534  14   1.4461   0.014461
1534  22   1.47155   0.0147155
1534  30   1.47864   0.0147864

2046  0   1.46886   0.0146886
2046  1   1.45132   0.0145132
2046  2   1.43852   0.0143852
2046  4   1.43274   0.0143274
2046  6   1.43425   0.0143425
2046  10   1.4285   0.014285
2046  14   1.44192   0.0144192
2046  22   1.43607   0.0143607
2046  30   1.46939   0.0146939

3070  0   1.4389   0.014389
3070  1   1.42584   0.0142584
3070  2   1.46743   0.0146743
3070  4   1.4553   0.014553
3070  6   1.44616   0.0144616
3070  10   1.42897   0.0142897
3070  14   1.43116   0.0143116
3070  22   1.44429   0.0144429
3070  30   2.16037   0.0216037

4094  0   1.42396   0.0142396
4094  1   1.44006   0.0144006
4094  2   1.41532   0.0141532
4094  4   1.42655   0.0142655
4094  6   1.45774   0.0145774
4094  10   1.45066   0.0145066
4094  14   1.45549   0.0145549
4094  22   1.45532   0.0146711
4094  30   1.84847   0.0188228

6142  0   1.44208   0.0144208
6142  1   1.43335   0.0143335
6142  2   1.45167   0.0145167
6142  4   1.45206   0.0145206
6142  6   1.45005   0.0145005
6142  10   1.4568   0.014568
6142  14   1.45587   0.0145587
6142  22   1.48439   0.0148439
6142  30   3.99915   0.0403852
6142  46   7.12116   0.0758859

8190  0   1.4429   0.014429
8190  1   1.4232   0.014232
8190  2   1.43015   0.0143015
8190  4   1.44245   0.0144245
8190  6   1.43246   0.0143246
8190  10   1.46269   0.0146269
8190  14   1.46655   0.0146655
8190  22   1.47847   0.0147847
8190  30   2.62883   0.0262883
8190  46   8.26646   0.0843955
8190  62   12.5776   0.134063

12286  0   1.4426   0.014426
12286  1   1.44728   0.0144728
12286  2   1.46849   0.0146849
12286  4   1.45485   0.0145485
12286  6   1.47768   0.0147768
12286  10   1.44187   0.0144187
12286  14   1.48089   0.0148089
12286  22   1.50553   0.0150553
12286  30   1.72397   0.0172397
12286  46   4.42492   0.0442492
12286  62   9.44864   0.0966667

16382  0   1.45329   0.0145329
16382  1   1.42876   0.0142876
16382  2   1.43957   0.0143957
16382  4   1.45264   0.0145264
16382  6   1.46741   0.0146741
16382  10   1.47112   0.0147112
16382  14   1.48043   0.0148043
16382  22   1.59174   0.0159174
16382  30   1.63381   0.0163381
16382  46   3.24486   0.0325759
16382  62   7.43631   0.0748058

24574  0   1.43918   0.0143918
24574  1   1.43629   0.0143629
24574  2   1.43047   0.0143047
24574  4   1.43525   0.0143525
24574  6   1.46119   0.0146119
24574  10   1.45291   0.0145291
24574  14   1.48764   0.0148764
24574  22   1.57752   0.0157752
24574  30   1.71792   0.0171792
24574  46   2.56544   0.0256544
24574  62   5.41922   0.054361
24574  94   9.84481   0.101933

32766  0   1.45743   0.0145743
32766  1   1.44817   0.0144817
32766  2   1.43663   0.0143663
32766  4   1.4504   0.014504
32766  6   1.48217   0.0148217
32766  10   1.46526   0.0146526
32766  14   1.54727   0.0154727
32766  22   1.71225   0.0171225
32766  30   1.79681   0.0179681
32766  46   2.97351   0.0297351
32766  62   4.45556   0.0445556

49150  0   1.43935   0.0143935
49150  1   1.4289   0.014289
49150  2   1.45247   0.0145247
49150  4   1.44571   0.0144571
49150  6   1.46905   0.0146905
49150  10   1.46064   0.0146064
49150  14   1.58194   0.0158194
49150  22   1.83517   0.0183517
49150  30   2.0314   0.020314
49150  46   3.33405   0.0333405
49150  62   7.02955   0.0711837

