0  0   1.39933   0.0139933
0  1   1.40617   0.0140617
0  2   1.43404   0.0143404
0  4   1.40613   0.0140613
0  6   1.42953   0.0142953
0  10   1.40994   0.0140994
0  14   1.41439   0.0141439
0  22   1.41897   0.0141897
0  30   1.44836   0.0144836
0  46   1.41396   0.0141396
0  62   3.99041   0.0406804
0  190   13.2309   0.13739
0  254   10.4229   0.105083

1  0   1.39712   0.0139712
1  1   1.40412   0.0140412
1  2   1.41388   0.0141388
1  4   1.43801   0.0143801
1  6   1.39619   0.0139619
1  10   1.42512   0.0142512
1  14   1.4127   0.014127
1  22   1.41427   0.0141427
1  30   1.41537   0.0141537
1  46   1.41439   0.0141439
1  62   1.65719   0.0167779
1  254   10.4132   0.107153

2  0   1.41484   0.0141484
2  1   1.41372   0.0141372
2  2   1.42064   0.0142064
2  4   1.41194   0.0141194
2  6   1.43701   0.0143701
2  10   1.42187   0.0142187
2  14   1.43002   0.0143002
2  22   1.40861   0.0140861
2  30   1.44507   0.0144507
2  46   1.39688   0.0139688
2  62   3.9593   0.039593
2  254   11.2701   0.114822

4  0   1.43659   0.0143659
4  1   1.41766   0.0141766
4  2   1.40768   0.0140768
4  4   1.41221   0.0141221
4  6   1.41989   0.0141989
4  10   1.4202   0.014202
4  14   1.42216   0.0142216
4  22   1.42936   0.0142936
4  30   1.39948   0.0139948
4  46   2.51673   0.0251673
4  62   1.79532   0.0179532
4  254   11.9933   0.124138

6  0   1.42734   0.0142734
6  1   1.40218   0.0140218
6  2   1.44455   0.0144455
6  4   1.4237   0.014237
6  6   1.41244   0.0141244
6  10   1.41526   0.0141526
6  14   1.41866   0.0141866
6  22   1.43624   0.0143624
6  30   1.43074   0.0143074
6  46   1.40592   0.0140592
6  62   1.41626   0.0142991
6  254   9.76151   0.102127

10  0   1.38766   0.0138766
10  1   1.43179   0.0143179
10  2   1.41419   0.0141419
10  4   1.43896   0.0143896
10  6   1.41324   0.0141324
10  10   1.42397   0.0142397
10  14   1.42409   0.0142409
10  22   1.42036   0.0142036
10  30   1.43554   0.0143554
10  46   1.42504   0.0142504
10  62   1.4193   0.01434
10  254   10.7048   0.108769

14  0   1.41545   0.0141545
14  1   1.40213   0.0140213
14  2   1.39467   0.0139467
14  4   1.42038   0.0142038
14  6   1.40617   0.0140617
14  10   1.416   0.01416
14  14   1.4022   0.014022
14  22   1.41623   0.0141623
14  30   1.41386   0.0141386
14  46   1.42307   0.0142307
14  62   3.03476   0.0303476
14  254   11.1837   0.117912

22  0   1.41035   0.0141035
22  1   1.421   0.01421
22  2   1.42937   0.0142937
22  4   1.4183   0.014183
22  6   1.41654   0.0141654
22  10   1.42917   0.0142917
22  14   1.40257   0.0140257
22  22   1.43078   0.0143078
22  30   1.41558   0.0141558
22  46   1.41421   0.0141421
22  62   2.59158   0.0264172
22  190   13.0776   0.141647
22  254   11.1065   0.113225

30  0   1.40381   0.0140381
30  1   1.43321   0.0143321
30  2   1.4222   0.014222
30  4   1.3991   0.013991
30  6   1.40584   0.0140584
30  10   1.43262   0.0143262
30  14   1.40806   0.0140806
30  22   1.40213   0.0140213
30  30   1.43446   0.0143446
30  46   1.41718   0.0141718
30  62   1.43061   0.0144543
30  254   10.7427   0.109267

46  0   1.42098   0.0142098
46  1   1.41918   0.0141918
46  2   1.40386   0.0140386
46  4   1.40644   0.0140644
46  6   1.42722   0.0142722
46  10   1.38794   0.0138794
46  14   1.41048   0.0141048
46  22   1.41551   0.0141551
46  30   1.40566   0.0140566
46  46   1.44421   0.0144421
46  62   1.44899   0.0144899
46  254   11.5077   0.120238

62  0   1.42304   0.0142304
62  1   1.42101   0.0142101
62  2   1.42171   0.0142171
62  4   1.42882   0.0142882
62  6   1.43755   0.0143755
62  10   1.40637   0.0140637
62  14   1.41855   0.0141855
62  22   1.4211   0.014211
62  30   1.40808   0.0140808
62  46   1.41258   0.0141258
62  62   4.5863   0.0465572
62  254   11.1019   0.113026

94  0   1.42435   0.0142435
94  1   1.436   0.01436
94  2   1.38692   0.0138692
94  4   1.40054   0.0140054
94  6   1.41809   0.0141809
94  10   1.40419   0.0140419
94  14   1.4176   0.014176
94  22   1.42689   0.0142689
94  30   1.4322   0.014322
94  46   1.41357   0.0141357
94  62   1.49869   0.0154677
94  254   10.6967   0.110729

126  0   1.43079   0.0143079
126  1   1.41221   0.0141221
126  2   1.40731   0.0140731
126  4   1.41341   0.0141341
126  6   1.42855   0.0142855
126  10   1.40825   0.0140825
126  14   1.43103   0.0143103
126  22   1.44601   0.0144601
126  30   1.42776   0.0142776
126  46   1.4113   0.014236
126  62   5.1761   0.0527898
126  254   10.7054   0.109216

190  0   1.39555   0.0139555
190  1   1.41887   0.0141887
190  2   1.39978   0.0139978
190  4   1.43049   0.0143049
190  6   1.42857   0.0142857
190  10   1.42206   0.0142206
190  14   1.41261   0.0141261
190  22   1.39666   0.0139666
190  30   1.4617   0.014617
190  46   1.43701   0.0146878
190  62   3.19885   0.0332242
190  254   12.1423   0.126073

254  0   1.42289   0.0142289
254  1   1.43285   0.0143285
254  2   1.40285   0.0140285
254  4   1.41168   0.0141168
254  6   1.4169   0.014169
254  10   1.43549   0.0143549
254  14   1.40846   0.0140846
254  22   1.42322   0.0142322
254  30   1.43017   0.0143017
254  46   1.45138   0.0145138
254  62   3.53376   0.0353376
254  254   11.0808   0.115639

382  0   1.42005   0.0142005
382  1   1.41096   0.0141096
382  2   1.41693   0.0141693
382  4   1.4307   0.014307
382  6   1.42165   0.0142165
382  10   1.43539   0.0143539
382  14   1.43246   0.0143246
382  22   1.43659   0.0143659
382  30   1.42453   0.0142453
382  46   1.47056   0.0148625
382  62   1.48358   0.0151307
382  254   10.6562   0.109806

510  0   1.42741   0.0142741
510  1   1.40641   0.0140641
510  2   1.39989   0.0139989
510  4   1.4184   0.014184
510  6   1.42176   0.0142176
510  10   1.42133   0.0142133
510  14   1.45544   0.0145544
510  22   1.43531   0.0143531
510  30   1.43564   0.0143564
510  46   1.49295   0.0149295
510  62   3.09014   0.0309014
510  254   10.8587   0.11219

766  0   1.41946   0.0141946
766  1   1.42268   0.0142268
766  2   1.43897   0.0143897
766  4   1.45075   0.0145075
766  6   1.4141   0.014141
766  10   1.43523   0.0143523
766  14   1.44098   0.0144098
766  22   1.48795   0.0148795
766  30   1.48062   0.0148062
766  46   1.56599   0.0156599
766  62   2.60217   0.0275304
766  254   11.3173   0.113915

1022  0   1.42207   0.0142207
1022  1   1.41805   0.0141805
1022  2   1.41194   0.0141194
1022  4   1.4234   0.014234
1022  6   1.41958   0.0141958
1022  10   1.44072   0.0144072
1022  14   1.42905   0.0142905
1022  22   1.53417   0.0153417
1022  30   1.49738   0.0149738
1022  46   1.54434   0.0154434
1022  62   1.72516   0.0180648
1022  254   10.6176   0.107025

1534  0   1.42069   0.0142069
1534  1   1.41055   0.0141055
1534  2   1.41674   0.0141674
1534  4   1.43378   0.0143378
1534  6   1.43308   0.0143308
1534  10   1.46398   0.0146398
1534  14   1.47117   0.0147117
1534  22   1.58967   0.0158967
1534  30   1.61937   0.0161937
1534  46   1.69142   0.0169142
1534  62   1.85512   0.0189317
1534  254   10.7454   0.111293

2046  0   1.4387   0.014387
2046  1   1.42412   0.0142412
2046  2   1.42255   0.0142255
2046  4   1.43294   0.0143294
2046  6   1.43652   0.0143652
2046  10   1.47081   0.0147081
2046  14   1.47511   0.0147511
2046  22   1.5157   0.015157
2046  30   1.65142   0.0165142
2046  46   1.98529   0.0198529
2046  62   1.98069   0.0204205
2046  254   10.891   0.111622

3070  0   1.40021   0.0140021
3070  1   1.40801   0.0140801
3070  2   1.45701   0.0145701
3070  4   1.46255   0.0146255
3070  6   1.47159   0.0147159
3070  10   1.51826   0.0151826
3070  14   1.53109   0.0153109
3070  22   1.61152   0.0161152
3070  30   1.92803   0.0192803
3070  46   2.19793   0.0219793
3070  62   3.35615   0.0335615
3070  254   9.56466   0.0969746

4094  0   1.39878   0.0139878
4094  1   1.42276   0.0142276
4094  2   1.42254   0.0142254
4094  4   1.45299   0.0145299
4094  6   1.49895   0.0149895
4094  10   1.55652   0.0155652
4094  14   1.64059   0.0164059
4094  22   1.73445   0.0173445
4094  30   1.93179   0.0193179
4094  46   2.73123   0.0273123
4094  62   3.68596   0.0372339
4094  254   10.1296   0.102914

6142  0   1.41259   0.0141259
6142  1   1.43369   0.0143369
6142  2   1.47979   0.0147979
6142  4   1.49188   0.0149188
6142  6   1.52599   0.0152599
6142  10   1.63724   0.0163724
6142  14   1.74174   0.0174174
6142  22   2.07234   0.0207234
6142  30   2.49993   0.0249993
6142  46   3.3365   0.033365
6142  62   5.06946   0.0520609
6142  254   11.5261   0.122328

8190  0   1.41093   0.0141093
8190  1   1.42056   0.0142056
8190  2   1.46793   0.0146793
8190  4   1.51162   0.0151162
8190  6   1.57894   0.0157894
8190  10   1.75825   0.0175825
8190  14   1.99628   0.0199628
8190  22   2.40205   0.0240205
8190  30   3.85829   0.0385829
8190  46   5.39854   0.0539854
8190  62   6.07037   0.0619619
8190  254   11.6683   0.119601

12286  0   1.4154   0.014154
12286  1   1.47504   0.0147504
12286  2   1.55027   0.0155027
12286  4   1.63275   0.0163275
12286  6   1.66044   0.0166044
12286  10   2.12915   0.0212915
12286  14   2.73322   0.0273322
12286  22   3.43936   0.0343936
12286  30   5.13593   0.0513593
12286  46   7.67019   0.0773387
12286  62   8.58195   0.0876897
12286  254   10.3177   0.104814

16382  0   1.42302   0.0142302
16382  1   1.44751   0.0144751
16382  2   1.52593   0.0152593
16382  4   1.57961   0.0157961
16382  6   1.94324   0.0194324
16382  10   2.33674   0.0233674
16382  14   2.94139   0.0294139
16382  22   5.06241   0.0506241
16382  30   6.43284   0.0643284
16382  46   10.5829   0.106523
16382  62   12.8865   0.135117
16382  254   10.3092   0.103748

24574  0   1.40737   0.0140737
24574  1   1.46185   0.0146185
24574  2   1.53522   0.0153522
24574  4   1.82508   0.0182508
24574  6   2.39849   0.0239849
24574  10   3.32646   0.0332646
24574  14   3.87848   0.0387848
24574  22   6.27484   0.0627484
24574  30   8.5743   0.0860187
24574  46   12.2638   0.125916
24574  62   13.7106   0.147948
24574  190   14.1545   0.149903
24574  254   10.9949   0.112486

32766  0   1.43497   0.0143497
32766  1   1.5584   0.015584
32766  2   1.68025   0.0168025
32766  4   2.20374   0.0220374
32766  6   2.51751   0.0251751
32766  10   4.87896   0.0487896
32766  14   6.6241   0.066241
32766  22   10.2613   0.103486
32766  30   10.6282   0.107067
32766  46   13.8963   0.148405
32766  190   11.5627   0.116933
32766  254   7.93725   0.0793725

49150  0   1.4109   0.014109
49150  1   1.60542   0.0160542
49150  2   1.84868   0.0184868
49150  4   2.77681   0.0277681
49150  6   4.12831   0.0412831
49150  10   7.01743   0.0701743
49150  14   8.36305   0.0836305
49150  22   11.5591   0.12183
49150  30   14.0834   0.149033
49150  94   14.4941   0.153862
49150  126   11.4073   0.115645
49150  190   6.52098   0.0652098
49150  254   5.98635   0.0598635

