0  0   0.291513   0.00291513
0  1   0.285655   0.00285655
0  2   0.287231   0.00287231
0  4   0.289522   0.00289522
0  6   0.287245   0.00287245
0  10   0.287688   0.00287688
0  14   0.287491   0.00287491
0  22   0.290524   0.00290524
0  30   0.290589   0.00290589

1  0   0.280782   0.00280782
1  1   0.284154   0.00284154
1  2   0.284231   0.00284231
1  4   0.284571   0.00284571
1  6   0.282582   0.00282582
1  10   0.284939   0.00284939
1  14   0.286632   0.00286632
1  22   0.285053   0.00285053
1  30   0.289127   0.00292302

2  0   0.285597   0.00285597
2  1   0.282217   0.00282217
2  2   0.284606   0.00284606
2  4   0.285228   0.00285228
2  6   0.284842   0.00284842
2  10   0.288318   0.00288318
2  14   0.285831   0.00285831
2  22   0.285981   0.00285981
2  30   0.282428   0.00282428

4  0   0.292999   0.00292999
4  1   0.294397   0.00294397
4  2   0.297888   0.00297888
4  4   0.288906   0.00288906
4  6   0.289116   0.00289116
4  10   0.279274   0.00279274
4  14   0.279068   0.00279068
4  22   0.298216   0.00298216
4  30   0.280307   0.00283849

6  0   0.27419   0.0027419
6  1   0.280542   0.00280542
6  2   0.277526   0.00277526
6  4   0.277569   0.00277569
6  6   0.278131   0.00278131
6  10   0.277648   0.00277648
6  14   0.281682   0.00281682
6  22   0.274975   0.00274975
6  30   0.285123   0.00286328

10  0   0.272118   0.00272118
10  1   0.269449   0.00269449
10  2   0.272023   0.00272023
10  4   0.272777   0.00272777
10  6   0.270738   0.00270738
10  10   0.275173   0.00275173
10  14   0.285299   0.00285299
10  22   0.274533   0.00274533
10  30   0.273968   0.00273968

14  0   0.262866   0.00262866
14  1   0.265761   0.00265761
14  2   0.268776   0.00268776
14  4   0.264913   0.00264913
14  6   0.267866   0.00267866
14  10   0.270525   0.00270525
14  14   0.268795   0.00268795
14  22   0.285913   0.00285913
14  30   0.268658   0.00271746

22  0   0.258599   0.00258599
22  1   0.251966   0.00251966
22  2   0.253801   0.00253801
22  4   0.255673   0.00255673
22  6   0.253992   0.00253992
22  10   0.254212   0.00254212
22  14   0.257891   0.00257891
22  22   0.253297   0.00253297
22  30   0.268256   0.00272429

30  0   0.242794   0.00242794
30  1   0.244584   0.00244584
30  2   0.244365   0.00244365
30  4   0.241626   0.00241626
30  6   0.240816   0.00240816
30  10   0.236634   0.00236634
30  14   0.256875   0.00256875
30  22   0.269667   0.00269667
30  30   0.255184   0.00256547

46  0   0.220116   0.00220116
46  1   0.221332   0.00221332
46  2   0.222941   0.00222941
46  4   0.224867   0.00224867
46  6   0.217922   0.00217922
46  10   0.214265   0.00214265
46  14   0.215703   0.00215703
46  22   0.241698   0.00241698
46  30   0.225091   0.00225091

62  0   0.198285   0.00198285
62  1   0.199274   0.00199274
62  2   0.20717   0.0020717
62  4   0.201367   0.00201367
62  6   0.19923   0.0019923
62  10   0.188504   0.00188504
62  14   0.224902   0.00224902
62  22   0.186918   0.00186918
62  30   0.205871   0.00205871

94  0   0.169813   0.00169813
94  1   0.175253   0.00175253
94  2   0.154878   0.00154878
94  4   0.172847   0.00172847
94  6   0.158078   0.00158078
94  10   0.170536   0.00170536
94  14   0.146437   0.00146437
94  22   0.16411   0.0016411
94  30   0.152016   0.00153575

126  0   0.15467   0.0015467
126  1   0.151617   0.00151617
126  2   0.150879   0.00150879
126  4   0.146031   0.00146031
126  6   0.164015   0.00164015
126  10   0.178233   0.00178233
126  14   0.151132   0.00151132
126  22   0.177535   0.00177535
126  30   2.31086   0.0231086

190  0   0.123265   0.00123265
190  1   0.124276   0.00124276
190  2   0.128335   0.00128335
190  4   0.127359   0.00127359
190  6   0.131413   0.00131413
190  10   0.121898   0.00121898
190  14   0.132411   0.00132411
190  22   0.140547   0.00140547
190  30   0.656629   0.00663567

254  0   0.0108473   0.000108473
254  1   0.0120947   0.000120947
254  2   0.0136627   0.000136627
254  4   0.0171182   0.000171182
254  6   0.0186468   0.000186468
254  10   0.0394029   0.000394029
254  14   0.0499402   0.000499402
254  22   0.0941687   0.000941687
254  30   0.090656   0.00090656

382  0   0.000823524   8.23524e-06
382  1   0.00391601   3.91601e-05
382  2   0.00726058   7.26058e-05
382  4   0.0140003   0.000140003
382  6   0.0242435   0.000242435
382  10   0.0531122   0.000531122
382  14   0.0632166   0.000632166
382  22   0.0835216   0.000835216
382  30   0.093813   0.000947558

510  0   7.62939e-06   7.62939e-08
510  1   0.00407936   4.07936e-05
510  2   0.00867003   8.67003e-05
510  4   0.0205423   0.000205423
510  6   0.0280014   0.000280014
510  10   0.0485496   0.000485496
510  14   0.0560637   0.000560637
510  22   0.0930681   0.000930681
510  30   0.12986   0.0012986

766  0   0   0
766  1   0.004405   4.405e-05
766  2   0.0102338   0.000102338
766  4   0.0184427   0.000184427
766  6   0.0328882   0.000328882
766  10   0.0623101   0.000623101
766  14   0.0637296   0.000637296
766  22   0.449106   0.00449106
766  30   0.182245   0.00183071

1022  0   1.90735e-06   1.90735e-08
1022  1   0.00533007   5.33007e-05
1022  2   0.0131677   0.000131677
1022  4   0.0265733   0.000265733
1022  6   0.0359623   0.000359623
1022  10   0.0627352   0.000627352
1022  14   0.0846807   0.000846807
1022  22   0.150613   0.00150613
1022  30   0.199507   0.00202485

1534  0   2.6974e-06   2.6974e-08
1534  1   0.00718263   7.18263e-05
1534  2   0.0163186   0.000163186
1534  4   0.0296947   0.000296947
1534  6   0.0439045   0.000439045
1534  10   0.0759518   0.000759518
1534  14   0.10039   0.0010039
1534  22   0.169042   0.00169042
1534  30   0.228866   0.00228866

2046  0   3.8147e-06   3.8147e-08
2046  1   0.00885619   8.85619e-05
2046  2   0.0195068   0.000195068
2046  4   0.0347243   0.000347243
2046  6   0.0489122   0.000489122
2046  10   0.0925515   0.000925515
2046  14   0.123434   0.00123434
2046  22   0.199676   0.00199676
2046  30   0.273036   0.00273036

3070  0   1.90735e-06   1.90735e-08
3070  1   0.0115254   0.000115254
3070  2   0.0205955   0.000205955
3070  4   0.0400287   0.000400287
3070  6   0.0756484   0.000756484
3070  10   0.0990388   0.000990388
3070  14   0.164603   0.00164603
3070  22   0.205481   0.00205481
3070  30   1.65168   0.0165168

4094  0   3.30362e-06   3.30362e-08
4094  1   0.0136287   0.000136287
4094  2   0.0229799   0.000229799
4094  4   0.0465574   0.000465574
4094  6   0.0774175   0.000774175
4094  10   0.124334   0.00124334
4094  14   0.16489   0.0016489
4094  22   0.274469   0.00275685
4094  30   1.20269   0.0121342

6142  0   1.90735e-06   1.90735e-08
6142  1   0.0166322   0.000166322
6142  2   0.0299667   0.000299667
6142  4   0.0657307   0.000657307
6142  6   0.0988155   0.000988155
6142  10   0.15673   0.0015673
6142  14   0.17152   0.0017152
6142  22   0.326014   0.00326014
6142  30   0.956272   0.00965389
6142  46   2.62519   0.0277274

8190  0   0   0
8190  1   0.0151918   0.000151918
8190  2   0.0397285   0.000397285
8190  4   0.0688289   0.000688289
8190  6   0.11373   0.0011373
8190  10   0.172435   0.00172435
8190  14   0.263438   0.00263438
8190  22   0.407619   0.00407619
8190  30   2.11009   0.0211009
8190  46   3.78097   0.0394193

12286  0   0   0
12286  1   0.0243219   0.000243219
12286  2   0.0406274   0.000406274
12286  4   0.0932117   0.000932117
12286  6   0.132745   0.00132745
12286  10   0.199547   0.00199547
12286  14   0.295945   0.00295945
12286  22   0.415673   0.00415673
12286  30   0.911362   0.00911362
12286  46   3.49168   0.0351389

16382  0   0   0
16382  1   0.0279653   0.000279653
16382  2   0.0535546   0.000535546
16382  4   0.098335   0.00098335
16382  6   0.133861   0.00133861
16382  10   0.26242   0.0026242
16382  14   0.358095   0.00358095
16382  22   0.591284   0.00591284
16382  30   0.786611   0.00786611
16382  46   2.9057   0.0291153
16382  62   4.72854   0.0488492

24574  0   0   0
24574  1   0.0267735   0.000267735
24574  2   0.0601256   0.000601256
24574  4   0.125016   0.00125016
24574  6   0.154072   0.00154072
24574  10   0.297655   0.00297655
24574  14   0.445295   0.00445295
24574  22   0.617968   0.00617968
24574  30   0.924395   0.00924395
24574  46   2.11471   0.0211471
24574  62   3.97759   0.0401225
24574  94   7.38003   0.0789952

32766  0   0   0
32766  1   0.0342233   0.000342233
32766  2   0.0805305   0.000805305
32766  4   0.151116   0.00151116
32766  6   0.229825   0.00229825
32766  10   0.336706   0.00336706
32766  14   0.486972   0.00486972
32766  22   0.917179   0.00917179
32766  30   1.13016   0.0113016
32766  46   2.61245   0.0261245
32766  62   3.66465   0.0368423

49150  0   0   0
49150  1   0.0508046   0.000508046
49150  2   0.0778632   0.000778632
49150  4   0.174164   0.00174164
49150  6   0.240583   0.00240583
49150  10   0.434458   0.00434458
49150  14   0.62069   0.0062069
49150  22   1.12054   0.0112054
49150  30   1.40339   0.0140339
49150  46   3.09997   0.0309997
49150  62   5.716   0.0583995

