0  0   0.291513   0.00291513
0  1   0.285647   0.00285647
0  2   0.287388   0.00287388
0  4   0.289389   0.00289389
0  6   0.287584   0.00287584
0  10   0.287514   0.00287514
0  14   0.286222   0.00286222
0  22   0.286755   0.00286755
0  30   0.292636   0.00292636
0  46   0.28869   0.0028869
0  62   0.2942   0.00300048

1  0   0.28711   0.0028711
1  1   0.28803   0.0028803
1  2   0.288684   0.00288684
1  4   0.287994   0.00287994
1  6   0.286176   0.00286176
1  10   0.289013   0.00289013
1  14   0.291021   0.00291021
1  22   0.286318   0.00286318
1  30   0.290065   0.00290065
1  46   0.29133   0.0029133
1  62   0.90443   0.00911569

2  0   0.290682   0.00290682
2  1   0.287452   0.00287452
2  2   0.288292   0.00288292
2  4   0.290093   0.00290093
2  6   0.289988   0.00289988
2  10   0.291045   0.00291045
2  14   0.288565   0.00288565
2  22   0.288389   0.00288389
2  30   0.288438   0.00288438
2  46   0.287827   0.00287827
2  62   0.287335   0.00289075

4  0   0.287038   0.00287038
4  1   0.28909   0.0028909
4  2   0.289293   0.00289293
4  4   0.285326   0.00285326
4  6   0.286492   0.00286492
4  10   0.28761   0.0028761
4  14   0.288764   0.00288764
4  22   0.287879   0.00287879
4  30   0.287242   0.00287242
4  46   2.0194   0.020194
4  62   1.12437   0.0112437

6  0   0.284942   0.00284942
6  1   0.290802   0.00290802
6  2   0.289163   0.00289163
6  4   0.288739   0.00288739
6  6   0.288798   0.00288798
6  10   0.289735   0.00289735
6  14   0.288775   0.00288775
6  22   0.28804   0.0028804
6  30   0.286707   0.00286707
6  46   0.288499   0.00288499
6  62   0.288709   0.00289987

10  0   0.287081   0.00287081
10  1   0.286028   0.00286028
10  2   0.285342   0.00285342
10  4   0.287285   0.00287285
10  6   0.286348   0.00286348
10  10   0.288688   0.00288688
10  14   0.29075   0.0029075
10  22   0.287063   0.00287063
10  30   0.289519   0.00289519
10  46   0.286876   0.00286876
10  62   0.288189   0.00289933

14  0   0.287761   0.00287761
14  1   0.289299   0.00289299
14  2   0.287785   0.00287785
14  4   0.287635   0.00287635
14  6   0.287867   0.00287867
14  10   0.290036   0.00290036
14  14   0.290839   0.00290839
14  22   0.286549   0.00286549
14  30   0.288094   0.00288094
14  46   0.287971   0.00287971
14  62   0.286926   0.00288167

22  0   0.291872   0.00291872
22  1   0.287422   0.00287422
22  2   0.286801   0.00286801
22  4   0.287917   0.00287917
22  6   0.289139   0.00289139
22  10   0.286413   0.00286413
22  14   0.287054   0.00287054
22  22   0.28606   0.0028606
22  30   0.287517   0.00287517
22  46   0.290283   0.00290283
22  62   0.29096   0.00295639

30  0   0.289604   0.00289604
30  1   0.291812   0.00291812
30  2   0.287762   0.00287762
30  4   0.284134   0.00284134
30  6   0.291686   0.00291686
30  10   0.29168   0.0029168
30  14   0.287214   0.00287214
30  22   0.28939   0.0028939
30  30   0.285951   0.00285951
30  46   0.288349   0.00288349
30  62   0.287511   0.00289047

46  0   0.288062   0.00288062
46  1   0.287311   0.00287311
46  2   0.289749   0.00289749
46  4   0.29198   0.0029198
46  6   0.288259   0.00288259
46  10   0.289542   0.00289542
46  14   0.287774   0.00287774
46  22   0.290712   0.00290712
46  30   0.287853   0.00287853
46  46   0.29217   0.0029217
46  62   0.292267   0.00292267

62  0   0.288231   0.00288231
62  1   0.289962   0.00289962
62  2   0.287063   0.00287063
62  4   0.291789   0.00291789
62  6   0.290463   0.00290463
62  10   0.290699   0.00290699
62  14   0.287781   0.00287781
62  22   0.289406   0.00289406
62  30   0.292829   0.00292829
62  46   0.29299   0.0029299
62  62   0.299307   0.00304025

94  0   0.285182   0.00285182
94  1   0.289065   0.00289065
94  2   0.28904   0.0028904
94  4   0.287781   0.00287781
94  6   0.28978   0.0028978
94  10   0.287992   0.00287992
94  14   0.289097   0.00289097
94  22   0.293445   0.00293445
94  30   0.288218   0.00288218
94  46   0.292544   0.00292544
94  62   0.299913   0.00304484

126  0   0.288211   0.00288211
126  1   0.288908   0.00288908
126  2   0.28582   0.0028582
126  4   0.290208   0.00290208
126  6   0.288472   0.00288472
126  10   0.287546   0.00287546
126  14   0.289416   0.00289416
126  22   0.289694   0.00289694
126  30   0.287033   0.00287033
126  46   0.294451   0.00295696
126  62   1.96939   0.0200979

190  0   0.28701   0.0028701
190  1   0.287963   0.00287963
190  2   0.287536   0.00287536
190  4   0.290722   0.00290722
190  6   0.28629   0.0028629
190  10   0.287147   0.00287147
190  14   0.293713   0.00293713
190  22   0.290659   0.00290659
190  30   0.302102   0.00302102
190  46   0.315795   0.00319393
190  62   0.34163   0.00349111

254  0   0.290438   0.00290438
254  1   0.286271   0.00286271
254  2   0.28718   0.0028718
254  4   0.288739   0.00288739
254  6   0.287338   0.00287338
254  10   0.287701   0.00287701
254  14   0.292367   0.00292367
254  22   0.295228   0.00295228
254  30   0.289575   0.00289575
254  46   0.337139   0.00337139
254  62   0.362384   0.00364357

382  0   0.288591   0.00288591
382  1   0.287234   0.00287234
382  2   0.290508   0.00290508
382  4   0.288441   0.00288441
382  6   0.290813   0.00290813
382  10   0.303721   0.00303721
382  14   0.307704   0.00307704
382  22   0.304099   0.00304099
382  30   0.322612   0.00322612
382  46   0.376957   0.00378703
382  62   0.447823   0.00452001

510  0   0.288915   0.00288915
510  1   0.289601   0.00289601
510  2   0.288034   0.00288034
510  4   0.294833   0.00294833
510  6   0.290368   0.00290368
510  10   0.290616   0.00290616
510  14   0.311622   0.00311622
510  22   0.310513   0.00310513
510  30   0.315251   0.00315251
510  46   0.502354   0.00502354
510  62   0.479325   0.0048252

766  0   0.292349   0.00292349
766  1   0.289241   0.00289241
766  2   0.291532   0.00291532
766  4   0.296404   0.00296404
766  6   0.296234   0.00296234
766  10   0.303955   0.00303955
766  14   0.322037   0.00322037
766  22   0.380698   0.00380698
766  30   0.384244   0.00384244
766  46   0.500626   0.00500626
766  62   1.97249   0.0202886

1022  0   0.288896   0.00288896
1022  1   0.288727   0.00288727
1022  2   0.293667   0.00293667
1022  4   0.297725   0.00297725
1022  6   0.292308   0.00292308
1022  10   0.318141   0.00318141
1022  14   0.303716   0.00303716
1022  22   0.47109   0.0047109
1022  30   0.420824   0.00420824
1022  46   0.613102   0.00613102
1022  62   0.888441   0.00908182

1534  0   0.291935   0.00291935
1534  1   0.286254   0.00286254
1534  2   0.298316   0.00298316
1534  4   0.293185   0.00293185
1534  6   0.328611   0.00328611
1534  10   0.362227   0.00362227
1534  14   0.347663   0.00347663
1534  22   0.617229   0.00617229
1534  30   0.704646   0.00704646
1534  46   0.916743   0.00916743
1534  62   1.09192   0.0110323

2046  0   0.289128   0.00289128
2046  1   0.283439   0.00283439
2046  2   0.292642   0.00292642
2046  4   0.320669   0.00320669
2046  6   0.306675   0.00306675
2046  10   0.437509   0.00437509
2046  14   0.410863   0.00410863
2046  22   0.579069   0.00579069
2046  30   0.840438   0.00840438
2046  46   1.3375   0.013375
2046  62   1.28399   0.0130544

3070  0   0.289314   0.00289314
3070  1   0.28719   0.0028719
3070  2   0.292271   0.00292271
3070  4   0.335659   0.00335659
3070  6   0.433142   0.00433142
3070  10   0.529777   0.00529777
3070  14   0.61047   0.0061047
3070  22   0.853425   0.00853425
3070  30   1.19995   0.0119995
3070  46   1.67328   0.0167328
3070  62   2.55801   0.0256779

4094  0   0.290552   0.00290552
4094  1   0.288955   0.00288955
4094  2   0.303528   0.00303528
4094  4   0.382527   0.00382527
4094  6   0.425406   0.00425406
4094  10   0.592604   0.00592604
4094  14   0.755462   0.00755462
4094  22   0.97098   0.0097098
4094  30   1.34105   0.0134105
4094  46   2.28602   0.0228602
4094  62   3.36445   0.0338174

6142  0   0.287855   0.00287855
6142  1   0.30871   0.0030871
6142  2   0.36068   0.0036068
6142  4   0.412657   0.00412657
6142  6   0.50537   0.0050537
6142  10   0.790775   0.00790775
6142  14   1.02429   0.0102429
6142  22   1.52703   0.0152703
6142  30   1.98938   0.0198938
6142  46   3.03464   0.0303464
6142  62   4.2529   0.0433068

8190  0   0.29023   0.0029023
8190  1   0.312814   0.00312814
8190  2   0.372785   0.00372785
8190  4   0.53291   0.0053291
8190  6   0.687817   0.00687817
8190  10   1.02632   0.0102632
8190  14   1.39045   0.0139045
8190  22   1.92454   0.0192454
8190  30   3.59291   0.0359291
8190  46   3.75128   0.0378782
8190  62   5.1685   0.0526358

12286  0   0.287297   0.00287297
12286  1   0.372844   0.00372844
12286  2   0.506526   0.00506526
12286  4   0.746076   0.00746076
12286  6   0.833211   0.00833211
12286  10   1.58368   0.0158368
12286  14   2.28541   0.0228541
12286  22   3.14815   0.0314815
12286  30   4.35003   0.0439374
12286  46   5.32736   0.0562303

16382  0   0.288868   0.00288868
16382  1   0.332164   0.00332164
16382  2   0.513593   0.00513593
16382  4   0.657212   0.00657212
16382  6   1.25898   0.0125898
16382  10   1.79311   0.0179311
16382  14   2.58029   0.0258029
16382  22   3.89906   0.039191
16382  30   5.42422   0.0553838

24574  0   0.290429   0.00290429
24574  1   0.398171   0.00398171
24574  2   0.619435   0.00619435
24574  4   1.15959   0.0115959
24574  6   1.91115   0.0191115
24574  10   2.98859   0.0298859
24574  14   3.5745   0.035745
24574  22   4.8577   0.0500767

32766  0   0.288845   0.00288845
32766  1   0.589292   0.00589292
32766  2   0.869054   0.00869054
32766  4   1.65368   0.0165368
32766  6   1.98911   0.0198911
32766  10   4.22412   0.0425099
32766  14   4.79555   0.0493052

49150  0   0.287357   0.00287357
49150  1   0.727761   0.00727761
49150  2   1.15233   0.0115233
49150  4   2.40386   0.0240386
49150  6   3.84506   0.0384506
49150  10   5.36798   0.0551615

