

8
613 8 -0.146484 82.7844 24.3852 58.321 0.121665
614 8 -0.146484 80.6881 21.8091 52.3307 0
616 8 -0.146484 89.0989 15.0994 62.6811 0
617 8 -0.146484 97.3725 14.9363 89.3839 0.00708215
618 8 -0.146484 98.5549 16.0919 94.0415 0.0139626
619 8 -0.146484 98.7564 15.4241 93.3636 0.0176814
621 8 2.88086 99.8187 1.36256 99.4187 0.00533291
622 8 5.9082 99.9716 0.0982318 99.9561 0.00775514
623 8 5.9082 99.9721 0.160558 99.9721 0.0279232


9
613 9 8.93555 99.9652 0.0608325 99.9652 0.0608325
614 9 8.93555 100 0.110988 100 0.110988
616 9 5.9082 100 0.0491039 100 0
617 9 33.1543 99.9929 0.0283286 99.9929 0.0566572
618 9 36.1816 99.9895 0.0244345 99.9965 0.0453784
619 9 5.9082 99.9823 0.0648317 99.9764 0.0176814
621 9 5.9082 99.976 0.141322 99.9707 0.0213316
622 9 5.9082 99.969 0.129252 99.969 0.0155103
623 9 5.9082 99.9581 0.17801 99.9442 0.0383944


10
613 10 -0.146484 96.1849 25.2455 88.2072 0.165117
614 10 -0.146484 89.4562 23.03 72.1976 0.110988
616 10 -0.146484 93.6411 16.057 74.4414 0
617 10 -0.146484 98.3428 15.4249 92.4504 0
618 10 -0.146484 99.0575 16.1373 95.3679 0.0104719
619 10 -0.146484 99.2043 15.9722 95.0021 0
621 10 2.88086 99.88 1.34923 99.584 0.0159987
622 10 5.9082 99.9535 0.157688 99.938 0.0284355
623 10 5.9082 99.9581 0.122164 99.9476 0.034904


11
613 11 14.9902 99.9826 0.156427 99.9826 1.04284
614 11 14.9902 100 0.110988 100 0.554939
616 11 8.93555 100 0.0736558 100 0.0736558
617 11 30.127 99.9858 0.0283286 100 0.127479
618 11 45.2637 99.9895 0.0209439 100 0.143116
619 11 8.93555 99.9823 0.0825131 99.9823 0.0825131
621 11 8.93555 99.952 0.157321 99.952 0.157321
622 11 11.9629 99.9561 0.051701 99.9586 0.206804
623 11 11.9629 99.9372 0.108202 99.9407 0.272251
