run_613  119.7  0   single  2.92769  0.170844  10.9644  0.320506
run_613  119.7  0   double  7.36345  0.308182  12.6988  0.416565
run_613  119.7  1   single  49.233   0.319781  20.5408  0.556628
run_613  119.7  1   double  104.652  1.15111   37.8468  1.45546
run_613  119.7  2   single  14.7173  0.245332  15.2996  0.457622
run_613  119.7  2   double  33.7585  0.642344  20.1995  0.848897
run_613  119.7  3   single  99.9763  0.521026  30.8572  0.922229
run_613  119.7  3   double  205.023  1.77084   60.1753  2.16336
run_613  119.7  4   single  6.64247  0.204428  12.69    0.3812
run_613  119.7  4   double  15.7807  0.630976  15.7565  0.762668
run_613  119.7  5   single  121.994  0.610698  34.6586  1.09687
run_613  119.7  5   double  248.882  2.53379   68.2111  2.85757
run_613  119.7  6   single  10.4185  0.215369  13.624   0.408712
run_613  119.7  6   double  22.8959  0.738395  18.8054  0.86166
run_613  119.7  7   single  37.5209  0.245245  14.6534  0.442467
run_613  119.7  7   double  76.8033  0.951803  27.186   1.09702
run_613  119.7  8   single  3.66222  0.175265  11.116   0.330517
run_613  119.7  8   double  8.12748  0.528083  12.6741  0.628567
run_613  119.7  9   single  71.7279  0.350965  21.285   0.588888
run_613  119.7  9   double  143.73   1.76339   47.5806  1.96219
run_613  119.7  10  single  9.43331  0.207851  12.9886  0.401624
run_613  119.7  10  double  20.7211  0.618552  16.7785  0.750177
run_613  119.7  11  single  90.4439  0.590267  32.9896  1.07495
run_613  119.7  11  double  172.75   2.89926   74.7645  3.54456
run_613  119.7  12  single  8.10269  0.317391  19.7709  0.605471
run_613  119.7  12  double  16.7575  0.778313  25.1014  1.02938
run_613  119.7  13  single  116.91   0.656364  35.3066  1.1495
run_613  119.7  13  double  235.45   2.53619   82.1054  3.04581
run_613  119.7  14  single  7.5658   0.223065  14.7478  0.40263
run_613  119.7  14  double  20.708   0.675262  18.7936  0.872769
run_613  119.7  15  single  64.907   0.41292   23.7788  0.677763
run_613  119.7  15  double  99.4806  4.14091   76.362   4.30257
run_614  139.7  0   single  3.14204  0.227372  10.9214  0.42135
run_614  139.7  0   double  6.74133  0.907349  10.5579  1.0027
run_614  139.7  1   single  58.3922  0.479156  20.4212  0.905109
run_614  139.7  1   double  113.286  2.27898   32.1428  2.68534
run_614  139.7  2   single  9.44495  0.289147  14.2138  0.538293
run_614  139.7  2   double  21.0637  1.40392   18.6482  1.75028
run_614  139.7  3   single  109.539  0.760734  32.024   1.41306
run_614  139.7  3   double  217.675  2.87876   50.7231  3.60782
run_614  139.7  4   single  7.1139   0.299698  13.9912  0.583634
run_614  139.7  4   double  14.6879  0.834121  16.0363  1.21632
run_614  139.7  5   single  145.465  0.881658  35.2854  1.68254
run_614  139.7  5   double  271.667  5.73106   75.7053  6.71997
run_614  139.7  6   single  6.73291  0.253007  13.0144  0.457981
run_614  139.7  6   double  14.6163  0.863676  13.7908  1.09909
run_614  139.7  7   single  41.742   0.312927  14.0746  0.542358
run_614  139.7  7   double  78.8673  2.46728   30.0174  3.0152
run_614  139.7  8   single  3.63288  0.239755  10.7886  0.482421
run_614  139.7  8   double  8.88026  0.807499  11.8809  1.00236
run_614  139.7  9   single  86.0776  0.483918  20.7258  0.816034
run_614  139.7  9   double  165.627  4.07886   56.4725  5.229
run_614  139.7  10  single  5.96032  0.26522   11.7865  0.536605
run_614  139.7  10  double  13.2582  0.616681  13.0246  0.813757
run_614  139.7  11  single  98.7239  0.783255  32.6241  1.40571
run_614  139.7  11  double  188.398  4.24536   67.6956  5.54139
run_614  139.7  12  single  8.10077  0.439954  21.2219  0.828326
run_614  139.7  12  double  19.1472  1.27897   23.4861  1.6602
run_614  139.7  13  single  141.17   0.879942  36.2066  1.53352
run_614  139.7  13  double  211.127  11.6575   150.15   14.448
run_614  139.7  14  single  5.45234  0.272891  14.3837  0.484076
run_614  139.7  14  double  14.2461  1.42368   17.1146  1.70424
run_614  139.7  15  single  76.5361  0.554881  26.1131  0.823939
run_614  139.7  15  double  109.288  7.68182   86.3112  8.57706
run_616  159.7  0   single  2.04127  0.105737  8.53356  0.201543
run_616  159.7  0   double  7.67103  0.493693  10.1458  0.603862
run_616  159.7  1   single  37.3957  0.15076   13.2967  0.221238
run_616  159.7  1   double  106.605  1.43321   29.806   1.78846
run_616  159.7  2   single  6.99527  0.141939  10.851   0.286753
run_616  159.7  2   double  21.5025  0.748933  11.9533  0.914191
run_616  159.7  3   single  65.8199  0.234348  21.55    0.312338
run_616  159.7  3   double  193.193  3.10545   57.7539  3.77292
run_616  159.7  4   single  5.90655  0.131693  10.9427  0.247631
run_616  159.7  4   double  16.9596  0.934683  14.2107  1.11414
run_616  159.7  5   single  93.5167  0.217565  25.3056  0.223862
run_616  159.7  5   double  271.286  3.85239   71.3574  4.58803
run_616  159.7  6   single  4.77685  0.12667   10.2621  0.240682
run_616  159.7  6   double  14.8684  0.499632  11.4924  0.667062
run_616  159.7  7   single  30.4422  0.145742  12.3502  0.220054
run_616  159.7  7   double  89.9781  1.36165   28.1952  1.62069
run_616  159.7  8   single  3.8137   0.112055  9.23424  0.20792
run_616  159.7  8   double  12.3506  0.553594  10.061   0.729566
run_616  159.7  9   single  61.9016  0.188782  17.334   0.237151
run_616  159.7  9   double  179      3.08357   66.6412  3.93623
run_616  159.7  10  single  4.69508  0.111352  9.15523  0.206032
run_616  159.7  10  double  14.8608  0.446663  12.0707  0.583408
run_616  159.7  11  single  68.0647  0.286154  22.8464  0.411272
run_616  159.7  11  double  203.48   3.43513   74.0862  4.28363
run_616  159.7  12  single  9.89377  0.243108  19.1071  0.468026
run_616  159.7  12  double  31.6903  1.3869    24.036   1.6725
run_616  159.7  13  single  113.217  0.387377  32.136   0.498373
run_616  159.7  13  double  307.337  8.93857   141.246  10.2973
run_616  159.7  14  single  6.12532  0.172581  13.3408  0.341759
run_616  159.7  14  double  19.8765  0.792096  16.6588  1.03249
run_616  159.7  15  single  64.5212  0.318178  24.0939  0.49633
run_616  159.7  15  double  183.507  2.36358   86.6584  3.15649
run_617  179.7  0   single  4.54067  0.197548  9.19069  0.369055
run_617  179.7  0   double  15.9543  0.518086  10.367   0.718194
run_617  179.7  1   single  44.4006  0.323384  19.8377  0.319136
run_617  179.7  1   double  133.261  1.14704   36.6518  1.56791
run_617  179.7  2   single  11.3041  0.248647  12.0291  0.444175
run_617  179.7  2   double  34.6154  0.648677  15.4154  0.813802
run_617  179.7  3   single  75.6908  0.88128   42.3625  0.74885
run_617  179.7  3   double  245.864  1.46847   67.9871  1.73856
run_617  179.7  4   single  10.6999  0.305418  13.9293  0.590734
run_617  179.7  4   double  33.2052  0.845951  14.4738  0.996793
run_617  179.7  5   single  102.244  1.00602   53.8856  0.799277
run_617  179.7  5   double  340.154  2.12502   94.6036  2.69473
run_617  179.7  6   single  8.38007  0.253273  11.8154  0.476222
run_617  179.7  6   double  25.5413  0.63963   13.6641  0.799713
run_617  179.7  7   single  37.3785  0.281813  17.0629  0.309464
run_617  179.7  7   double  121.023  1.00214   39.2211  1.32317
run_617  179.7  8   single  6.88597  0.216428  10.0659  0.406433
run_617  179.7  8   double  20.3969  0.448845  12.8949  0.573837
run_617  179.7  9   single  75.1603  0.37634   25.9685  0.367243
run_617  179.7  9   double  233.376  1.48995   70.8841  1.51486
run_617  179.7  10  single  7.78063  0.213757  10.3622  0.380433
run_617  179.7  10  double  24.4731  0.569965  13.429   0.756844
run_617  179.7  11  single  85.881   0.549283  33.1611  0.62383
run_617  179.7  11  double  261.354  2.71853   94.1135  3.74793
run_617  179.7  12  single  16.6729  0.468105  22.4762  0.823626
run_617  179.7  12  double  51.2161  1.29559   31.7111  1.57855
run_617  179.7  13  single  130.067  0.767606  44.9802  0.832242
run_617  179.7  13  double  393.307  7.30829   175.959  9.25137
run_617  179.7  14  single  9.05881  0.334879  14.7609  0.644908
run_617  179.7  14  double  29.4299  1.17406   20.307   1.31271
run_617  179.7  15  single  74.7915  0.570449  29.3801  0.730544
run_617  179.7  15  double  227.42   2.86367   96.6572  3.80827
run_618  199.8  0   single  6.54858  0.262415  10.6472  0.51857
run_618  199.8  0   double  15.3706  0.460232  12.2279  0.555502
run_618  199.8  1   single  48.8283  0.330421  13.4074  0.578297
run_618  199.8  1   double  98.9745  0.862979  28.2872  1.02957
run_618  199.8  2   single  16.0851  0.303936  12.0051  0.575054
run_618  199.8  2   double  36.6869  0.606006  16.7135  0.762443
run_618  199.8  3   single  88.5165  0.540057  20.2969  0.972178
run_618  199.8  3   double  181.236  1.20839   47.8125  1.47218
run_618  199.8  4   single  15.5305  0.293438  12.8849  0.526151
run_618  199.8  4   double  32.7773  0.682569  17.4918  0.784647
run_618  199.8  5   single  121.718  0.667494  26.1444  1.17173
run_618  199.8  5   double  246.801  1.02034   55.7162  1.15277
run_618  199.8  6   single  11.9908  0.333121  12.8517  0.682987
run_618  199.8  6   double  26.4048  0.708749  16.9498  0.849178
run_618  199.8  7   single  44.6554  0.327262  12.9796  0.542559
run_618  199.8  7   double  91.4435  0.927306  28.3703  1.13061
run_618  199.8  8   single  10.1977  0.254405  10.6171  0.454368
run_618  199.8  8   double  22.1377  0.53443   14.1378  0.690609
run_618  199.8  9   single  85.7072  0.636755  20.6046  1.23619
run_618  199.8  9   double  175.114  1.17535   49.2384  1.42151
run_618  199.8  10  single  10.9585  0.301797  11.6544  0.6039
run_618  199.8  10  double  24.792   0.448968  14.8358  0.572249
run_618  199.8  11  single  98.9024  0.751958  27.4392  1.38611
run_618  199.8  11  double  200.616  1.72401   62.6441  2.11639
run_618  199.8  12  single  23.6044  0.595958  24.5805  1.11946
run_618  199.8  12  double  49.5448  0.904899  34.3464  1.19039
run_618  199.8  13  single  135.672  0.85997   30.0157  1.40674
run_618  199.8  13  double  277.171  3.15837   91.4289  3.57682
run_618  199.8  14  single  11.1652  0.386835  16.1112  0.729762
run_618  199.8  14  double  28.2318  0.546071  21.8109  0.725872
run_618  199.8  15  single  81.1105  0.712896  25.1412  1.27619
run_618  199.8  15  double  156.355  2.48988   72.3548  2.97758
run_619  219.8  0   single  13.2233  0.234023  11.2531  0.451387
run_619  219.8  0   double  28.9763  0.593564  14.533   0.750432
run_619  219.8  1   single  52.5784  0.295343  12.9718  0.522353
run_619  219.8  1   double  104.467  1.76979   30.0462  1.95505
run_619  219.8  2   single  29.0258  0.314224  13.9423  0.60916
run_619  219.8  2   double  58.0186  1.01023   22.0924  1.25372
run_619  219.8  3   single  100.636  0.486355  21.7075  0.866921
run_619  219.8  3   double  200.996  2.46938   44.6522  2.56239
run_619  219.8  4   single  26.7616  0.309501  14.3884  0.583402
run_619  219.8  4   double  53.9708  1.06452   22.2272  1.27584
run_619  219.8  5   single  126.912  0.581315  23.716   1.0883
run_619  219.8  5   double  254.158  2.36408   55.503   2.47555
run_619  219.8  6   single  21.1134  0.296905  13.6966  0.563642
run_619  219.8  6   double  45.3501  0.961015  19.8309  1.15078
run_619  219.8  7   single  49.7411  0.286567  12.7117  0.505772
run_619  219.8  7   double  99.509   1.74271   27.8402  1.76361
run_619  219.8  8   single  17.6636  0.270989  12.1984  0.523939
run_619  219.8  8   double  36.7154  1.04411   17.8099  1.19146
run_619  219.8  9   single  91.6906  0.510366  20.6233  0.973154
run_619  219.8  9   double  180.765  2.58666   45.9042  2.49999
run_619  219.8  10  single  19.7757  0.336344  14.6038  0.674506
run_619  219.8  10  double  40.7798  0.984399  19.0676  1.22381
run_619  219.8  11  single  113.082  0.56387   24.8337  0.925933
run_619  219.8  11  double  227.825  2.72222   57.4878  2.89371
run_619  219.8  12  single  39.4245  0.630629  30.1269  1.16997
run_619  219.8  12  double  81.8104  2.31481   44.5807  2.68784
run_619  219.8  13  single  147.939  0.821751  32.1839  1.49315
run_619  219.8  13  double  301.405  3.52407   73.4425  3.80885
run_619  219.8  14  single  21.4957  0.452525  20.9695  0.87147
run_619  219.8  14  double  45.4061  0.870008  29.8189  1.16936
run_619  219.8  15  single  92.7125  0.609235  25.7587  0.998337
run_619  219.8  15  double  183.71   2.81303   64.6592  3.27649
run_621  239.8  0   single  32.1524  0.218413  13.6518  0.41108
run_621  239.8  0   double  66.7872  0.65386   19.6725  0.822363
run_621  239.8  1   single  67.3787  0.256356  16.1945  0.460763
run_621  239.8  1   double  132.9    1.11371   29.9358  1.1609
run_621  239.8  2   single  59.699   0.289339  16.9816  0.542285
run_621  239.8  2   double  121.958  1.10869   33.122   1.28497
run_621  239.8  3   single  142.535  0.439432  27.0139  0.769996
run_621  239.8  3   double  286.552  2.16283   58.4173  2.13201
run_621  239.8  4   single  57.3444  0.329995  18.7168  0.652575
run_621  239.8  4   double  114.781  1.1047    32.7711  1.25537
run_621  239.8  5   single  174.452  0.547011  31.1941  1.02116
run_621  239.8  5   double  345.432  2.54188   73.5999  2.53659
run_621  239.8  6   single  48.8064  0.295799  17.0695  0.547404
run_621  239.8  6   double  99.4174  0.996069  30.1505  1.18
run_621  239.8  7   single  77.9278  0.286098  16.9998  0.512279
run_621  239.8  7   double  158.816  1.02369   35.8484  1.10696
run_621  239.8  8   single  40.0483  0.254637  14.8601  0.451581
run_621  239.8  8   double  82.6805  0.990557  28.0608  1.23279
run_621  239.8  9   single  127.618  0.368054  22.1315  0.619205
run_621  239.8  9   double  260.977  1.50891   59.5958  1.6397
run_621  239.8  10  single  45.3618  0.262126  15.5609  0.476346
run_621  239.8  10  double  89.5862  1.15412   32.8921  1.36874
run_621  239.8  11  single  161.855  0.527164  30.6011  0.881291
run_621  239.8  11  double  315.717  4.08099   89.8695  3.99215
run_621  239.8  12  single  87.039   0.509426  31.3098  0.880223
run_621  239.8  12  double  171.187  2.16147   63.4754  2.58351
run_621  239.8  13  single  186.502  0.625647  34.8154  1.05348
run_621  239.8  13  double  374.483  4.12591   97.7555  4.01282
run_621  239.8  14  single  50.3656  0.391335  21.6099  0.749347
run_621  239.8  14  double  98.9563  1.55588   43.7769  1.88129
run_621  239.8  15  single  123.689  0.523411  30.3861  0.830457
run_621  239.8  15  double  253.783  2.43804   78.4036  2.8277
run_622  259.8  0   single  69.5154  0.278629  17.3581  0.510999
run_622  259.8  0   double  141.741  1.438     33.9562  1.53343
run_622  259.8  1   single  86.955   0.286609  18.385   0.508463
run_622  259.8  1   double  171.221  1.36078   35.7663  1.39701
run_622  259.8  2   single  117.247  0.414042  26.0345  0.746942
run_622  259.8  2   double  240.712  1.64663   51.8377  1.75416
run_622  259.8  3   single  207.187  0.636362  37.8088  1.18371
run_622  259.8  3   double  420.587  2.16243   77.8461  2.24845
run_622  259.8  4   single  113.74   0.446739  26.2232  0.833306
run_622  259.8  4   double  232.884  1.77027   53.912   1.93174
run_622  259.8  5   single  242.289  0.308972  38.5217  1.07948
run_622  259.8  5   double  482.627  3.73991   103.888  3.70656
run_622  259.8  6   single  100.834  0.395712  24.1698  0.702642
run_622  259.8  6   double  209.523  1.63356   48.412   1.79452
run_622  259.8  7   single  121.415  0.381447  22.5223  0.674549
run_622  259.8  7   double  248.556  1.56866   53.7729  1.64967
run_622  259.8  8   single  84.0969  0.365457  21.881   0.647076
run_622  259.8  8   double  172.191  1.59222   46.4741  1.74737
run_622  259.8  9   single  177.793  0.50478   29.3794  0.888784
run_622  259.8  9   double  353.717  3.28597   83.8229  3.06251
run_622  259.8  10  single  92.0245  0.370461  22.0355  0.639877
run_622  259.8  10  double  185.572  1.76566   51.6186  1.93185
run_622  259.8  11  single  234.895  0.773578  42.9795  1.37537
run_622  259.8  11  double  469.497  4.33914   111.005  4.25301
run_622  259.8  12  single  164.998  0.692612  42.4406  1.14946
run_622  259.8  12  double  336.147  3.76824   100.235  4.26866
run_622  259.8  13  single  253.668  0.865111  46.3993  1.54345
run_622  259.8  13  double  515.283  6.71067   151.567  7.14605
run_622  259.8  14  single  103.798  0.470563  27.6963  0.79408
run_622  259.8  14  double  209.703  2.12542   67.2144  2.44255
run_622  259.8  15  single  176.236  0.593857  35.7376  0.888415
run_622  259.8  15  double  356.719  4.2612    108.342  4.47942
run_623  279.8  0   single  159.178  0.577378  30.2371  1.04543
run_623  279.8  0   double  320.882  2.91061   60.6938  2.88674
run_623  279.8  1   single  120.082  0.377736  20.9833  0.625132
run_623  279.8  1   double  239.88   1.1163    40.1191  1.19385
run_623  279.8  2   single  240.3    0.781614  39.9034  1.37711
run_623  279.8  2   double  492.309  2.78588   93.1577  2.94349
run_623  279.8  3   single  342.525  0.968993  54.1097  1.55214
run_623  279.8  3   double  703.869  2.55745   120.378  2.75536
run_623  279.8  4   single  236.721  0.805307  42.426   1.37465
run_623  279.8  4   double  487.877  3.82331   100.276  3.92405
run_623  279.8  5   single  386.173  1.04389   56.4473  1.69096
run_623  279.8  5   double  762.674  6.87913   163.063  6.70435
run_623  279.8  6   single  218.288  0.740502  38.745   1.23761
run_623  279.8  6   double  446.371  4.18082   99.2029  4.14528
run_623  279.8  7   single  212.375  0.712305  36.9452  1.21339
run_623  279.8  7   double  435.151  3.225     95.7502  3.31539
run_623  279.8  8   single  185.906  0.861246  40.9409  1.62822
run_623  279.8  8   double  376.912  4.31834   98.8742  4.62936
run_623  279.8  9   single  275.267  0.736518  41.775   1.09478
run_623  279.8  9   double  536.83   9.99463   153.858  8.44977
run_623  279.8  10  single  197.072  0.885531  41.0229  1.57546
run_623  279.8  10  double  404.563  3.8673    97.4818  4.10359
run_623  279.8  11  single  382.585  1.32654   64.2005  2.21597
run_623  279.8  11  double  729.685  14.293    186.688  11.7291
run_623  279.8  12  single  334.973  1.7013    78.1171  3.15438
run_623  279.8  12  double  688.098  8.78872   183.701  8.82306
run_623  279.8  13  single  395.353  1.45603   70.093   2.40149
run_623  279.8  13  double  776.5    16.8333   222.646  15.2599
run_623  279.8  14  single  216.656  1.1998    52.4245  2.0623
run_623  279.8  14  double  448.013  6.29387   131.646  7.17269
run_623  279.8  15  single  284.318  1.37657   61.7516  2.28775
run_623  279.8  15  double  582.418  7.44432   173.496  8.12419
